
962246833
962246863
962246911
962246927
962246951
962246969
962246983
962246993
962247019
962247029
962247043
962247059
962247061
962247071
962247079
962247089
962247101
962247103
962247109
962247119
962247133
962247151
962247157
962247179
962247199
962247227
962247239
962247281
962247287
962247331
962247353
962247359
962247401
962247431
962247437
962247439
962247443
962247467
962247499
962247511
962247541
962247557
962247563
962247569
962247577
962247613
962247653
962247659
962247667
962247691
962247707
962247709
962247721
962247731
962247739
962247751
962247773
962247791
962247809
962247823
962247833
962247841
962247893
962247917
962247929
962247959
962247961
962248009
962248057
962248073
962248081
962248087
962248097
962248121
962248127
962248181
962248187
962248207
962248237