
962256629
962256641
962256667
962256679
962256689
962256707
962256721
962256731
962256733
962256749
962256793
962256851
962256853
962256857
962256871
962256907
962256947
962256959
962256973
962256979
962256983
962257027
962257063
962257111
962257151
962257157
962257159
962257181
962257183
962257201
962257217
962257229
962257253
962257301
962257321
962257333
962257379
962257393
962257399
962257403
962257421
962257441
962257447
962257469
962257501
962257519
962257523
962257531
962257547
962257561
962257573
962257589
962257591
962257607
962257627
962257633
962257651
962257669
962257687
962257733
962257753
962257757
962257759
962257781
962257799
962257801
962257847
962257871
962257873
962257889
962257951
962257973
962258023
962258029
962258051
962258053
962258071
962258111
962258177
962258183
962258189
962258207
962258261
962258281
962258357
962258417
962258441
962258443
962258459
962258467
962258471
962258491
962258501
962258503
962258579
962258611
962258641
962258653
962258663
962258677
962258681
962258699
962258707
962258749
962258761
962258767
962258779
962258827
962258839
962258849
962258863
962258881
962258887
962258897
962258909
962258987
962258993
962259013
962259019
962259029
962259091
962259097
962259101
962259113
962259139
962259163
962259167
962259187
962259197
962259223
962259271
962259283
962259301
962259307
962259373
962259409
962259413
962259439
962259457
962259479
962259553
962259563
962259589
962259611
962259631
962259673
962259757
962259761
962259773
962259833
962259839
962259847
962259863
962259877
962259889
962259899
962259911
962259937
962259953
962259967
962259971
962259983
962260021
962260109
962260133
962260141
962260151
962260153
962260183
962260193
962260213
962260217
962260219
962260241
962260249
962260253
962260267
962260289
962260291
962260297
962260303
962260319
962260349
962260391
962260399
962260423
962260433
962260451
962260477
962260489
962260501
962260511
962260531
962260573
962260577
962260601
962260603
962260609
962260619
962260627
962260667
962260697
962260709
962260723
962260759
962260763
962260769
962260781
962260807
962260811
962260889
962260891
962260903
962260927
962260963
962260973
962260991
962260997
962261029
962261039
962261071
962261077
962261089
962261101
962261141
962261197
962261207
962261227
962261233
962261299
962261323
962261369
962261381
962261389
962261393
962261401
962261407
962261423
962261429
962261459
962261467
962261473
962261501
962261533
962261539
962261551
962261563
962261569
962261581
962261609
962261683
962261719
962261723
962261743
962261767
962261779
962261801
962261803
962261809
962261813
962261819
962261827
962261873
962261891
962261899
962261903
962261929
962261933
962261957
962261959
962261969
962261981
962262001
962262023
962262029
962262031
962262053
962262061
962262089
962262113
962262143
962262167
962262209
962262221
962262281
962262283
962262317
962262331
962262341
962262377
962262397
962262403
962262419
962262437
962262463
962262487
962262491
962262529
962262547
962262551
962262583
962262607
962262629
962262649
962262671
962262673
962262677
962262767
962262793
962262823
962262827
962262841
962262853
962262857
962262869
962262941
962262943
962262947
962262953
962262997
962263013
962263031
962263039
962263051
962263061
962263111
962263163
962263199
962263207
962263217
962263229
962263243
962263321
962263373
962263387
962263409
962263429
962263441
962263451
962263483
962263487
962263499
962263517
962263543
962114273
962114287
962114291
962114317
962114341
962114359
962114389
962114401
962114407
962114423
962114429
962114453
962114467
962114497
962114501
962114513
962114519
962114521
962114557
962114563
962114597
962114599
962114603
962114617
962114627
962114819
962114821
962114827
962114849
962114869
962114891
962114911
962114921
962114927
962114929
962115023
962115029
962115041
962115053
962115059
962115137
962115149
962115157
962115169
962115191
962115227
962115233
962115247
962115257
962115263
962115269
962115283
962115313
962115317
962115361
962115367
962115373
962115409
962115421
962115433
962115467
962115491
962115503
962115523
962115541
962115547
962115577
962115587
962115601
962115611
962115631
962115643
962115653
962115689
962115719
962115727
962115769
962115793
962115809
962115811
962115821
962115839
962115857
962115877
962115887
962115911
962115929
962115961
962115971
962116019
962116027
962116039
962116081
962116121
962116123
962116153
962116193
962116213
962116231
962116237
962116247
962116301
962116307
962116327
962116333
962116349
962116361
962116369
962116391
962116447
962116451
962116453
962116489
962116517
962116523
962116543
962116549
962116601
962116621
962116627
962116667
962116693
962116711
962116721
962116739
962116781
962116807
962116823
962116867
962116871
962116877
962116879
962116891
962116913
962116943
962116951
962116973
962116997
962116999
962117017
962117033
962117053
962117059
962117069
962117077
962117087
962117089
962117113
962117141
962117153
962117171
962117173
962117177
962117203
962117207