15487271
15487291
15487309
15487313
15487319
15487331
15487361
15487399
15487403
15487429
15487457
15487469
15487471
15487517
15487531
15487541
15487543
15487547
15487583
15487609
15487273
15487293
15487303
15487317
15487313
15487333
15487363
15487393
15487409
15487423
15487459
15487467
15487473
15487513
15487533
15487543
15487549
15487541
15487587
15487607
32452867
32452883
32452909
32452919
32452921
32452997
32453011
32453021
32453023 
32453027
32453031
32453033
32453039
32453081
32453087
32453101
32453121
32453123
32453129
32453147 
32453149
32453161
32453163
32453167
32453173
32453191
32453203
32453209
32453251
32453253
32453257 
32453269
32453283
32453287
32453293
32453297
32453321
32453323
32453327
32453329
962246833
962246863
962246911
962246927
962246951
962246969
962246983
962246993
962247019
962247029
962247043
962247059
962247061
962247071
962247079
962247089
962247101
962247103
962247109
962247119
962247133
962247151
962247157
962247179
962247199
962247227
962247239
962247281
962247287
962247331
962247353
962247359
962247401
962247431
962247437
962247439
962247443
962247467
962247499
15487271
15487291
15487309
15487313
15487319
15487331
15487361
15487399
15487403
15487429
15487457
15487469
15487471
15487517
15487531
15487541
15487543
15487547
15487583
15487609
15487273
15487293
15487303
15487317
15487313
15487333
15487363
15487393
15487409
15487423
15487459
15487467
15487473
15487513
15487533
15487543
15487549
15487541
15487587
15487607
32452867
32452883
32452909
32452919
32452921
32452997
32453011
32453021
32453023 
32453027
32453031
32453033
32453039
32453081
32453087
32453101
32453121
32453123
32453129
32453147 
32453149
32453161
32453163
32453167
32453173
32453191
32453203
32453209
32453251
32453253
32453257 
32453269
32453283
32453287
32453293
32453297
32453321
32453323
32453327
32453329
962246833
962246863
962246911
962246927
962246951
962246969
962246983
962246993
962247019
962247029
962247043
962247059
962247061
962247071
962247079
962247089
962247101
962247103
962247109
962247119
962247133
962247151
962247157
962247179
962247199
962247227
962247239
962247281
962247287
962247331
962247353
962247359
962247401
962247431
962247437
962247439
962247443
962247467
962247499
15487271
15487291
15487309
15487313
15487319
15487331
15487361
15487399
15487403
15487429
15487457
15487469
15487471
15487517
15487531
15487541
15487543
15487547
15487583
15487609
15487273
15487293
15487303
15487317
15487313
15487333
15487363
15487393
15487409
15487423
15487459
15487467
15487473
15487513
15487533
15487543
15487549
15487541
15487587
15487607
32452867
32452883
32452909
32452919
32452921
32452997
32453011
32453021
32453023 
32453027
32453031
32453033
32453039
32453081
32453087
32453101
32453121
32453123
32453129
32453147 
32453149
32453161
32453163
32453167
32453173
32453191
32453203
32453209
32453251
32453253
32453257 
32453269
32453283
32453287
32453293
32453297
32453321
32453323
32453327
32453329
962246833
962246863
962246911
962246927
962246951
962246969
962246983
962246993
962247019
962247029
962247043
962247059
962247061
962247071
962247079
962247089
962247101
962247103
962247109
962247119
962247133
962247151
962247157
962247179
962247199
962247227
962247239
962247281
962247287
962247331
962247353
962247359
962247401
962247431
962247437
962247439
962247443
962247467
962247499
15487271
15487291
15487309
15487313
15487319
15487331
15487361
15487399
15487403
15487429
15487457
15487469
15487471
15487517
15487531
15487541
15487543
15487547
15487583
15487609
15487273
15487293
15487303
15487317
15487313
15487333
15487363
15487393
15487409
15487423
15487459
15487467
15487473
15487513
15487533
15487543
15487549
15487541
15487587
15487607
32452867
32452883
32452909
32452919
32452921
32452997
32453011
32453021
32453023 
32453027
32453031
32453033
32453039
32453081
32453087
32453101
32453121
32453123
32453129
32453147 
32453149
32453161
32453163
32453167
32453173
32453191
32453203
32453209
32453251
32453253
32453257 
32453269
32453283
32453287
32453293
32453297
32453321
32453323
32453327
32453329
962246833
962246863
962246911
962246927
962246951
962246969
962246983
962246993
962247019
962247029
962247043
962247059
962247061
962247071
962247079
962247089
962247101
962247103
962247109
962247119
962247133
962247151
962247157
962247179
962247199
962247227
962247239
962247281
962247287
962247331
962247353
962247359
962247401
962247431
962247437
962247439
962247443
962247467
962247499
15487271
15487291
15487309
15487313
15487319
15487331
15487361
15487399
15487403
15487429
15487457
15487469
15487471
15487517
15487531
15487541
15487543
15487547
15487583
15487609
15487273
15487293
15487303
15487317
15487313
15487333
15487363
15487393
15487409
15487423
15487459
15487467
15487473
15487513
15487533
15487543
15487549
15487541
15487587
15487607
32452867
32452883
32452909
32452919
32452921
32452997
32453011
32453021
32453023 
32453027
32453031
32453033
32453039
32453081
32453087
32453101
32453121
32453123
32453129
32453147 
32453149
32453161
32453163
32453167
32453173
32453191
32453203
32453209
32453251
32453253
32453257 
32453269
32453283
32453287
32453293
32453297
32453321
32453323
32453327
32453329
962246833
962246863
962246911
962246927
962246951
962246969
962246983
962246993
962247019
962247029
962247043
962247059
962247061
962247071
962247079
962247089
962247101
962247103
962247109
962247119
962247133
962247151
962247157
962247179
962247199
962247227
962247239
962247281
962247287
962247331
962247353
962247359
962247401
962247431
962247437
962247439
962247443
962247467
962247499
32416187567	
32416188223	
32416188809	
32416189391
32416187627	
32416188227	
899815999
899816011
899816039
899816059
899816087
899816123
899816131
899816153
32416188839	
32416189459
32416187651	
32416188241	
32416188859	
32416189469
32416187659	
32416188257	
32416188877	
32416189493
32416187701	
32416188269
32416188887
32416189499
32416187719
32416188271
32416188899
32416189511
32416187737
32416188331
32416188949	
32416189573
32416187747	
32416188349	
32416189019	
32416189633
32416187761	
32416188367	
32416189031	
32416189657
32416187773
32416188397	
32416189049	
32416189669
32416187827	
32416188449	
32416189061	
32416189681
32416187863	
32416188451	
32416189063	
32416189717
32416187893	
32416188491	
32416189079	
32416189721
32416187899	
32416188499	
32416189081
32416189733
32416187927	
32416188517	
32416189163	
32416189753
32416187929	
32416188527	
32416189181	
32416189777
32416187933	
32416188583	
32416189193	
32416189853
32416187953	
32416188589	
32416189231	
32416189859
32416187977	
32416188601	
32416189261	
32416189867
32416187987	
32416188647	
32416189277	
32416189877
32416188011	
32416188689	
32416189291	
32416189909
32416188037	
32416188691	
32416189321	
32416189919
32416188113	
32416188697	
32416189349	
32416189987
32416188127	
32416188767	
32416189361	
32416190039
32416188191	
32416188793	
32416189381	
32416190071
32416187567	
32416188223	
32416188809	
32416189391
32416187627	
32416188227	
899815999
899816011
899816039
899816059
899816087
899816123
899816131
899816153
32416188839	
32416189459
32416187651	
32416188241	
32416188859	
32416189469
32416187659	
32416188257	
32416188877	
32416189493
32416187701	
32416188269
32416188887
32416189499
32416187719
32416188271
32416188899
32416189511
32416187737
32416188331
32416188949	
32416189573
32416187747	
32416188349	
32416189019	
32416189633
32416187761	
32416188367	
32416189031	
32416189657
32416187773
32416188397	
32416189049	
32416189669
32416187827	
32416188449	
32416189061	
32416189681
32416187863	
32416188451	
32416189063	
32416189717
32416187893	
32416188491	
32416189079	
32416189721
32416187899	
32416188499	
32416189081
32416189733
32416187927	
32416188517	
32416189163	
32416189753
32416187929	
32416188527	
32416189181	
32416189777
32416187933	
32416188583	
32416189193	
32416189853
32416187953	
32416188589	
32416189231	
32416189859
32416187977	
32416188601	
32416189261	
32416189867
32416187987	
32416188647	
32416189277	
32416189877
32416188011	
32416188689	
32416189291	
32416189909
32416188037	
32416188691	
32416189321	
32416189919
32416188113	
32416188697	
32416189349	
32416189987
32416188127	
32416188767	
32416189361	
32416190039
32416188191	
32416188793	
32416189381	
32416190071
32416187567	
32416188223	
32416188809	
32416189391
32416187627	
32416188227	
899815999
899816011
899816039
899816059
899816087
899816123
899816131
899816153
32416188839	
32416189459
32416187651	
32416188241	
32416188859	
32416189469
32416187659	
32416188257	
32416188877	
32416189493
32416187701	
32416188269
32416188887
32416189499
32416187719
32416188271
32416188899
32416189511
32416187737
32416188331
32416188949	
32416189573
32416187747	
32416188349	
32416189019	
32416189633
32416187761	
32416188367	
32416189031	
32416189657
32416187773
32416188397	
32416189049	
32416189669
32416187827	
32416188449	
32416189061	
32416189681
32416187863	
32416188451	
32416189063	
32416189717
32416187893	
32416188491	
32416189079	
32416189721
32416187899	
32416188499	
32416189081
32416189733
32416187927	
32416188517	
32416189163	
32416189753
32416187929	
32416188527	
32416189181	
32416189777
32416187933	
32416188583	
32416189193	
32416189853
32416187953	
32416188589	
32416189231	
32416189859
32416187977	
32416188601	
32416189261	
32416189867
32416187987	
32416188647	
32416189277	
32416189877
32416188011	
32416188689	
32416189291	
32416189909
32416188037	
32416188691	
32416189321	
32416189919
32416188113	
32416188697	
32416189349	
32416189987
32416188127	
32416188767	
32416189361	
32416190039
32416188191	
32416188793	
32416189381	
32416190071
32416187567	
32416188223	
32416188809	
32416189391
32416187627	
32416188227	
899815999
899816011
899816039
899816059
899816087
899816123
899816131
899816153
32416188839	
32416189459
32416187651	
32416188241	
32416188859	
32416189469
32416187659	
32416188257	
32416188877	
32416189493
32416187701	
32416188269
32416188887
32416189499
32416187719
32416188271
32416188899
32416189511
32416187737
32416188331
32416188949	
32416189573
32416187747	
32416188349	
32416189019	
32416189633
32416187761	
32416188367	
32416189031	
32416189657
32416187773
32416188397	
32416189049	
32416189669
32416187827	
32416188449	
32416189061	
32416189681
32416187863	
32416188451	
32416189063	
32416189717
32416187893	
32416188491	
32416189079	
32416189721
32416187899	
32416188499	
32416189081
32416189733
32416187927	
32416188517	
32416189163	
32416189753
32416187929	
32416188527	
32416189181	
32416189777
32416187933	
32416188583	
32416189193	
32416189853
32416187953	
32416188589	
32416189231	
32416189859
32416187977	
32416188601	
32416189261	
32416189867
32416187987	
32416188647	
32416189277	
32416189877
32416188011	
32416188689	
32416189291	
32416189909
32416188037	
32416188691	
32416189321	
32416189919
32416188113	
32416188697	
32416189349	
32416189987
32416188127	
32416188767	
32416189361	
32416190039
32416188191	
32416188793	
32416189381	
32416190071
32416187567	
32416188223	
32416188809	
32416189391
32416187627	
32416188227	
899815999
899816011
899816039
899816059
899816087
899816123
899816131
899816153
32416188839	
32416189459
32416187651	
32416188241	
32416188859	
32416189469
32416187659	
32416188257	
32416188877	
32416189493
32416187701	
32416188269
32416188887
32416189499
32416187719
32416188271
32416188899
32416189511
32416187737
32416188331
32416188949	
32416189573
32416187747	
32416188349	
32416189019	
32416189633
32416187761	
32416188367	
32416189031	
32416189657
32416187773
32416188397	
32416189049	
32416189669
32416187827	
32416188449	
32416189061	
32416189681
32416187863	
32416188451	
32416189063	
32416189717
32416187893	
32416188491	
32416189079	
32416189721
32416187899	
32416188499	
32416189081
32416189733
32416187927	
32416188517	
32416189163	
32416189753
32416187929	
32416188527	
32416189181	
32416189777
32416187933	
32416188583	
32416189193	
32416189853
32416187953	
32416188589	
32416189231	
32416189859
32416187977	
32416188601	
32416189261	
32416189867
32416187987	
32416188647	
32416189277	
32416189877
32416188011	
32416188689	
32416189291	
32416189909
32416188037	
32416188691	
32416189321	
32416189919
32416188113	
32416188697	
32416189349	
32416189987
32416188127	
32416188767	
32416189361	
32416190039
32416188191	
32416188793	
32416189381	
32416190071
32416187567	
32416188223	
32416188809	
32416189391
32416187627	
32416188227	
899815999
899816011
899816039
899816059
899816087
899816123
899816131
899816153
32416188839	
32416189459
32416187651	
32416188241	
32416188859	
32416189469
32416187659	
32416188257	
32416188877	
32416189493
32416187701	
32416188269
32416188887
32416189499
32416187719
32416188271
32416188899
32416189511
32416187737
32416188331
32416188949	
32416189573
32416187747	
32416188349	
32416189019	
32416189633
32416187761	
32416188367	
32416189031	
32416189657
32416187773
32416188397	
32416189049	
32416189669
32416187827	
32416188449	
32416189061	
32416189681
32416187863	
32416188451	
32416189063	
32416189717
32416187893	
32416188491	
32416189079	
32416189721
32416187899	
32416188499	
32416189081
32416189733
32416187927	
32416188517	
32416189163	
32416189753
32416187929	
32416188527	
32416189181	
32416189777
32416187933	
32416188583	
32416189193	
32416189853
32416187953	
32416188589	
32416189231	
32416189859
32416187977	
32416188601	
32416189261	
32416189867
32416187987	
32416188647	
32416189277	
32416189877
32416188011	
32416188689	
32416189291	
32416189909
32416188037	
32416188691	
32416189321	
32416189919
32416188113	
32416188697	
32416189349	
32416189987
32416188127	
32416188767	
32416189361	
32416190039
32416188191	
32416188793	
32416189381	
32416190071
32416187567	
32416188223	
32416188809	
32416189391
32416187627	
32416188227	
899815999
899816011
899816039
899816059
899816087
899816123
899816131
899816153
32416188839	
32416189459
32416187651	
32416188241	
32416188859	
32416189469
32416187659	
32416188257	
32416188877	
32416189493
32416187701	
32416188269
32416188887
32416189499
32416187719
32416188271
32416188899
32416189511
32416187737
32416188331
32416188949	
32416189573
32416187747	
32416188349	
32416189019	
32416189633
32416187761	
32416188367	
32416189031	
32416189657
32416187773
32416188397	
32416189049	
32416189669
32416187827	
32416188449	
32416189061	
32416189681
32416187863	
32416188451	
32416189063	
32416189717
32416187893	
32416188491	
32416189079	
32416189721
32416187899	
32416188499	
32416189081
32416189733
32416187927	
32416188517	
32416189163	
32416189753
32416187929	
32416188527	
32416189181	
32416189777
32416187933	
32416188583	
32416189193	
32416189853
32416187953	
32416188589	
32416189231	
32416189859
32416187977	
32416188601	
32416189261	
32416189867
32416187987	
32416188647	
32416189277	
32416189877
32416188011	
32416188689	
32416189291	
32416189909
32416188037	
32416188691	
32416189321	
32416189919
32416188113	
32416188697	
32416189349	
32416189987
32416188127	
32416188767	
32416189361	
32416190039
32416188191	
32416188793	
32416189381	
32416190071
32416187567	
32416188223	
32416188809	
32416189391
32416187627	
32416188227	
899815999
899816011
899816039
899816059
899816087
899816123
899816131
899816153
32416188839	
32416189459
32416187651	
32416188241	
32416188859	
32416189469
32416187659	
32416188257	
32416188877	
32416189493
32416187701	
32416188269
32416188887
32416189499
32416187719
32416188271
32416188899
32416189511
32416187737
32416188331
32416188949	
32416189573
32416187747	
32416188349	
32416189019	
32416189633
32416187761	
32416188367	
32416189031	
32416189657
32416187773
32416188397	
32416189049	
32416189669
32416187827	
32416188449	
32416189061	
32416189681
32416187863	
32416188451	
32416189063	
32416189717
32416187893	
32416188491	
32416189079	
32416189721
32416187899	
32416188499	
32416189081
32416189733
32416187927	
32416188517	
32416189163	
32416189753
32416187929	
32416188527	
32416189181	
32416189777
32416187933	
32416188583	
32416189193	
32416189853
32416187953	
32416188589	
32416189231	
32416189859
32416187977	
32416188601	
32416189261	
32416189867
32416187987	
32416188647	
32416189277	
32416189877
32416188011	
32416188689	
32416189291	
32416189909
32416188037	
32416188691	
32416189321	
32416189919
32416188113	
32416188697	
32416189349	
32416189987
32416188127	
32416188767	
32416189361	
32416190039
32416188191	
32416188793	
32416189381	
32416190071
32416187567	
32416188223	
32416188809	
32416189391
32416187627	
32416188227	
899815999
899816011
899816039
899816059
899816087
899816123
899816131
899816153
32416188839	
32416189459
32416187651	
32416188241	
32416188859	
32416189469
32416187659	
32416188257	
32416188877	
32416189493
32416187701	
32416188269
32416188887
32416189499
32416187719
32416188271
32416188899
32416189511
32416187737
32416188331
32416188949	
32416189573
32416187747	
32416188349	
32416189019	
32416189633
32416187761	
32416188367	
32416189031	
32416189657
32416187773
32416188397	
32416189049	
32416189669
32416187827	
32416188449	
32416189061	
32416189681
32416187863	
32416188451	
32416189063	
32416189717
32416187893	
32416188491	
32416189079	
32416189721
32416187899	
32416188499	
32416189081
32416189733
32416187927	
32416188517	
32416189163	
32416189753
32416187929	
32416188527	
32416189181	
32416189777
32416187933	
32416188583	
32416189193	
32416189853
32416187953	
32416188589	
32416189231	
32416189859
32416187977	
32416188601	
32416189261	
32416189867
32416187987	
32416188647	
32416189277	
32416189877
32416188011	
32416188689	
32416189291	
32416189909
32416188037	
32416188691	
32416189321	
32416189919
32416188113	
32416188697	
32416189349	
32416189987
32416188127	
32416188767	
32416189361	
32416190039
32416188191	
32416188793	
32416189381	
32416190071
32416187567	
32416188223	
32416188809	
32416189391
32416187627	
32416188227	
899815999
899816011
899816039
899816059
899816087
899816123
899816131
899816153
32416188839	
32416189459
32416187651	
32416188241	
32416188859	
32416189469
32416187659	
32416188257	
32416188877	
32416189493
32416187701	
32416188269
32416188887
32416189499
32416187719
32416188271
32416188899
32416189511
32416187737
32416188331
32416188949	
32416189573
32416187747	
32416188349	
32416189019	
32416189633
32416187761	
32416188367	
32416189031	
32416189657
32416187773
32416188397	
32416189049	
32416189669
32416187827	
32416188449	
32416189061	
32416189681
32416187863	
32416188451	
32416189063	
32416189717
32416187893	
32416188491	
32416189079	
32416189721
32416187899	
32416188499	
32416189081
32416189733
32416187927	
32416188517	
32416189163	
32416189753
32416187929	
32416188527	
32416189181	
32416189777
32416187933	
32416188583	
32416189193	
32416189853
32416187953	
32416188589	
32416189231	
32416189859
32416187977	
32416188601	
32416189261	
32416189867
32416187987	
32416188647	
32416189277	
32416189877
32416188011	
32416188689	
32416189291	
32416189909
32416188037	
32416188691	
32416189321	
32416189919
32416188113	
32416188697	
32416189349	
32416189987
32416188127	
32416188767	
32416189361	
32416190039
32416188191	
32416188793	
32416189381	
32416190071
32416187567	
32416188223	
32416188809	
32416189391
32416187627	
32416188227	
899815999
899816011
899816039
899816059
899816087
899816123
899816131
899816153
32416188839	
32416189459
32416187651	
32416188241	
32416188859	
32416189469
32416187659	
32416188257	
32416188877	
32416189493
32416187701	
32416188269
32416188887
32416189499
32416187719
32416188271
32416188899
32416189511
32416187737
32416188331
32416188949	
32416189573
32416187747	
32416188349	
32416189019	
32416189633
32416187761	
32416188367	
32416189031	
32416189657
32416187773
32416188397	
32416189049	
32416189669
32416187827	
32416188449	
32416189061	
32416189681
32416187863	
32416188451	
32416189063	
32416189717
32416187893	
32416188491	
32416189079	
32416189721
32416187899	
32416188499	
32416189081
32416189733
32416187927	
32416188517	
32416189163	
32416189753
32416187929	
32416188527	
32416189181	
32416189777
32416187933	
32416188583	
32416189193	
32416189853
32416187953	
32416188589	
32416189231	
32416189859
32416187977	
32416188601	
32416189261	
32416189867
32416187987	
32416188647	
32416189277	
32416189877
32416188011	
32416188689	
32416189291	
32416189909
32416188037	
32416188691	
32416189321	
32416189919
32416188113	
32416188697	
32416189349	
32416189987
32416188127	
32416188767	
32416189361	
32416190039
32416188191	
32416188793	
32416189381	
32416190071
32416187567	
32416188223	
32416188809	
32416189391
32416187627	
32416188227	
899815999
899816011
899816039
899816059
899816087
899816123
899816131
899816153
32416188839	
32416189459
32416187651	
32416188241	
32416188859	
32416189469
32416187659	
32416188257	
32416188877	
32416189493
32416187701	
32416188269
32416188887
32416189499
32416187719
32416188271
32416188899
32416189511
32416187737
32416188331
32416188949	
32416189573
32416187747	
32416188349	
32416189019	
32416189633
32416187761	
32416188367	
32416189031	
32416189657
32416187773
32416188397	
32416189049	
32416189669
32416187827	
32416188449	
32416189061	
32416189681
32416187863	
32416188451	
32416189063	
32416189717
32416187893	
32416188491	
32416189079	
32416189721
32416187899	
32416188499	
32416189081
32416189733
32416187927	
32416188517	
32416189163	
32416189753
32416187929	
32416188527	
32416189181	
32416189777
32416187933	
32416188583	
32416189193	
32416189853
32416187953	
32416188589	
32416189231	
32416189859
32416187977	
32416188601	
32416189261	
32416189867
32416187987	
32416188647	
32416189277	
32416189877
32416188011	
32416188689	
32416189291	
32416189909
32416188037	
32416188691	
32416189321	
32416189919
32416188113	
32416188697	
32416189349	
32416189987
32416188127	
32416188767	
32416189361	
32416190039
32416188191	
32416188793	
32416189381	
32416190071
32416187567	
32416188223	
32416188809	
32416189391
32416187627	
32416188227	
899815999
899816011
899816039
899816059
899816087
899816123
899816131
899816153
32416188839	
32416189459
32416187651	
32416188241	
32416188859	
32416189469
32416187659	
32416188257	
32416188877	
32416189493
32416187701	
32416188269
32416188887
32416189499
32416187719
32416188271
32416188899
32416189511
32416187737
32416188331
32416188949	
32416189573
32416187747	
32416188349	
32416189019	
32416189633
32416187761	
32416188367	
32416189031	
32416189657
32416187773
32416188397	
32416189049	
32416189669
32416187827	
32416188449	
32416189061	
32416189681
32416187863	
32416188451	
32416189063	
32416189717
32416187893	
32416188491	
32416189079	
32416189721
32416187899	
32416188499	
32416189081
32416189733
32416187927	
32416188517	
32416189163	
32416189753
32416187929	
32416188527	
32416189181	
32416189777
32416187933	
32416188583	
32416189193	
32416189853
32416187953	
32416188589	
32416189231	
32416189859
32416187977	
32416188601	
32416189261	
32416189867
32416187987	
32416188647	
32416189277	
32416189877
32416188011	
32416188689	
32416189291	
32416189909
32416188037	
32416188691	
32416189321	
32416189919
32416188113	
32416188697	
32416189349	
32416189987
32416188127	
32416188767	
32416189361	
32416190039
32416188191	
32416188793	
32416189381	
32416190071
32416187567	
32416188223	
32416188809	
32416189391
32416187627	
32416188227	
899815999
899816011
899816039
899816059
899816087
899816123
899816131
899816153
32416188839	
32416189459
32416187651	
32416188241	
32416188859	
32416189469
32416187659	
32416188257	
32416188877	
32416189493
32416187701	
32416188269
32416188887
32416189499
32416187719
32416188271
32416188899
32416189511
32416187737
32416188331
32416188949	
32416189573
32416187747	
32416188349	
32416189019	
32416189633
32416187761	
32416188367	
32416189031	
32416189657
32416187773
32416188397	
32416189049	
32416189669
32416187827	
32416188449	
32416189061	
32416189681
32416187863	
32416188451	
32416189063	
32416189717
32416187893	
32416188491	
32416189079	
32416189721
32416187899	
32416188499	
32416189081
32416189733
32416187927	
32416188517	
32416189163	
32416189753
32416187929	
32416188527	
32416189181	
32416189777
32416187933	
32416188583	
32416189193	
32416189853
32416187953	
32416188589	
32416189231	
32416189859
32416187977	
32416188601	
32416189261	
32416189867
32416187987	
32416188647	
32416189277	
32416189877
32416188011	
32416188689	
32416189291	
32416189909
32416188037	
32416188691	
32416189321	
32416189919
32416188113	
32416188697	
32416189349	
32416189987
32416188127	
32416188767	
32416189361	
32416190039
32416188191	
32416188793	
32416189381	
32416190071
32416187567	
32416188223	
32416188809	
32416189391
32416187627	
32416188227	
899815999
899816011
899816039
899816059
899816087
899816123
899816131
899816153
32416188839	
32416189459
32416187651	
32416188241	
32416188859	
32416189469
32416187659	
32416188257	
32416188877	
32416189493
32416187701	
32416188269
32416188887
32416189499
32416187719
32416188271
32416188899
32416189511
32416187737
32416188331
32416188949	
32416189573
32416187747	
32416188349	
32416189019	
32416189633
32416187761	
32416188367	
32416189031	
32416189657
32416187773
32416188397	
32416189049	
32416189669
32416187827	
32416188449	
32416189061	
32416189681
32416187863	
32416188451	
32416189063	
32416189717
32416187893	
32416188491	
32416189079	
32416189721
32416187899	
32416188499	
32416189081
32416189733
32416187927	
32416188517	
32416189163	
32416189753
32416187929	
32416188527	
32416189181	
32416189777
32416187933	
32416188583	
32416189193	
32416189853
32416187953	
32416188589	
32416189231	
32416189859
32416187977	
32416188601	
32416189261	
32416189867
32416187987	
32416188647	
32416189277	
32416189877
32416188011	
32416188689	
32416189291	
32416189909
32416188037	
32416188691	
32416189321	
32416189919
32416188113	
32416188697	
32416189349	
32416189987
32416188127	
32416188767	
32416189361	
32416190039
32416188191	
32416188793	
32416189381	
32416190071
