643808006803554439230129854961492699151386107534013432918073439524138264842370630061369715394739134090922937332590384720397133335969549256322620979036686633213903952966175107096769180017646161851573147596390153
643808006803554439230129854961492699151386107534013432918073439524138264842370630061369715394739134090922937332590384720397133335969549256322620979036686633213903952966175107096769180017646161851573147596390157
449417999055441493994709297093108513015373787049558499205492347871729927573118262811508386655998299074566974373711472560655026288668094291699357843464363003144674940345912431129144354948751003607115263071543163
449417999055441493994709297093108513015373787049558499205492347871729927573118262811508386655998299074566974373711472560655026288668094291699357843464363003144674940345912431129144354948751003607115263071543167
230975859993204150666423538988557839555560243929065415434980904258310530753006723857139742334640122533598517597674807096648905501653461687601339782814316124971547968912893214002992086353183070342498989426570593
230975859993204150666423538988557839555560243929065415434980904258310530753006723857139742334640122533598517597674807096648905501653461687601339782814316124971547968912893214002992086353183070342498989426570597
879976242195951958890801816612768566943805170226410617823301865416003514546684111640331356490455690766475339038983303063831818394885482954417406863802340357540397021808027209610884076158915519334125353771492979
879976242195951958890801816612768566943805170226410617823301865416003514546684111640331356490455690766475339038983303063831818394885482954417406863802340357540397021808027209610884076158915519334125353771492977
110975366417606590833967199024636437460214709654546954443361638176229883140910302915147996598210506836614251268964446338737195911448213015377273363573074752120243818732263682864461580384738021460717565715722503
110975366417606590833967199024636437460214709654546954443361638176229883140910302915147996598210506836614251268964446338737195911448213015377273363573074752120243818732263682864461580384738021460717565715722507
614865347947412054998871912138166461049314312490725112873271296842414474254904548663296952332559110113044820194651149624596490803942453669130989178203975581114455363503708800628353373554758750709244049339485669
614865347947412054998871912138166461049314312490725112873271296842414474254904548663296952332559110113044820194651149624596490803942453669130989178203975581114455363503708800628353373554758750709244049339485667
578398945519096306104603034827967007926455254695946254913829507855980701574480395088152306664258445212434118755662305859296718511769019900797463787662982551299177055238677938544133928470423480135171841128166057
578398945519096306104603034827967007926455254695946254913829507855980701574480395088152306664258445212434118755662305859296718511769019900797463787662982551299177055238677938544133928470423480135171841128166059
200603822195324642393516294012917598972967449320074999667103434371470616000652036570009912021332527788252300901905236578801044680456930305350440933538867383130165841118050781326291059830545891570648243241795871
200603822195324642393516294012917598972967449320074999667103434371470616000652036570009912021332527788252300901905236578801044680456930305350440933538867383130165841118050781326291059830545891570648243241795873
827131507221654563937832686696200995595835694437983658840870036586124168186967796809117749047430768825822857042432722828096779098498192459819306321073968735177531164565305635281198148032612029767584644305912099
827131507221654563937832686696200995595835694437983658840870036586124168186967796809117749047430768825822857042432722828096779098498192459819306321073968735177531164565305635281198148032612029767584644305912097
964274047248418797145090983157197980855078966882276492572788532954904112655338439361306213898569516593744267391754033306465125919199692703323878557833023573312685002670662846477592597659826113460619815244721311
964274047248418797145090983157197980855078966882276492572788532954904112655338439361306213898569516593744267391754033306465125919199692703323878557833023573312685002670662846477592597659826113460619815244721317
