1 508.30625000000000000000
2 283.51125000000000000000
3 194.96250000000000000000
4 152.05300000000000000000
5 133.70775000000000000000
6 114.18825000000000000000
7 98.95125000000000000000
8 102.87150000000000000000
9 97.10387500000000000000
10 93.46572500000000000000
11 94.03437500000000000000
12 95.82732500000000000000
13 86.63265000000000000000
14 86.85237500000000000000
15 85.35345000000000000000
16 84.22815000000000000000
17 83.94612500000000000000
18 83.77460000000000000000
19 84.76492500000000000000
20 83.21425000000000000000
21 83.94897500000000000000
22 82.43020000000000000000
23 81.70540000000000000000
24 83.89647500000000000000
